cd C:\Users\Rashid\Documents\NetBeansProjects\mavenproject1; "JAVA_HOME=C:\\Program Files\\Java\\jdk-15.0.2" cmd /c "\"C:\\Program Files\\NetBeans-12.0\\netbeans\\java\\maven\\bin\\mvn.cmd\" -Dexec.args=\"-classpath %classpath InsertionSort\" -Dexec.executable=\"C:\\Program Files\\Java\\jdk-15.0.2\\bin\\java.exe\" -Dmaven.ext.class.path=\"C:\\Program Files\\NetBeans-12.0\\netbeans\\java\\maven-nblib\\netbeans-eventspy.jar\" -Dfile.encoding=UTF-8 process-classes org.codehaus.mojo:exec-maven-plugin:1.5.0:exec"
Scanning for projects...

--------------------< com.mycompany:mavenproject1 >---------------------
Building mavenproject1 1.0-SNAPSHOT
--------------------------------[ jar ]---------------------------------

--- maven-resources-plugin:2.6:resources (default-resources) @ mavenproject1 ---
Using 'UTF-8' encoding to copy filtered resources.
skip non existing resourceDirectory C:\Users\Rashid\Documents\NetBeansProjects\mavenproject1\src\main\resources

--- maven-compiler-plugin:3.1:compile (default-compile) @ mavenproject1 ---
Nothing to compile - all classes are up to date

--- exec-maven-plugin:1.5.0:exec (default-cli) @ mavenproject1 ---
13600
5900
3700
3300
3000
4100
3800
37800
67400
10100
33400
26500
8600
9100
25800
10800
11000
40700
18400
19200
20800
21900
33500
28600
27300
39200
34500
38900
39500
28900
35000
32800
40200
40300
50100
49400
42000
54700
58200
51600
52200
43800
45100
52100
55000
46000
48200
55700
52600
54300
58400
58900
60400
62300
62500
75900
75200
82800
73800
75100
78000
79200
84400
81900
99800
91700
90100
92300
97200
99100
110700
104900
107700
129600
25200
42000
83200
17300
22600
81900
18000
82400
18400
42600
19100
23900
83000
29600
86100
29900
92900
32200
81800
32000
86000
65200
24500
93700
24900
81800
68900
40300
117400
93500
40300
91100
92100
35600
93700
91200
123300
51100
171800
168900
211500
149800
75000
156900
209400
198600
166700
151700
143500
171800
182700
177900
140100
203900
148100
151600
147600
140400
124800
115900
119300
115600
122000
82100
119900
116500
120300
117000
177600
125600
119000
179100
131800
112000
160500
113900
111700
162600
112300
166600
112600
165700
117000
173400
115400
167700
115700
180100
178600
134300
175000
172300
153900
309000
301100
290700
258000
228400
307300
300700
193800
171700
200900
194000
228500
201300
192500
186300
186200
198800
184900
184700
183000
177700
170900
163900
165500
140500
164700
157600
113600
119900
113100
115000
118100
113000
115100
93100
101600
97300
96500
103300
98300
99400
99300
100200
103300
110100
97800
98900
116000
18800
19700
21000
25600
23900
22300
20300
22300
19600
25300
21000
22600
19800
20400
23300
31900
27300
24400
33300
25700
28800
30400
34300
45200
51300
41100
43500
42700
43400
46800
39100
40700
41900
41900
38100
37900
36600
44700
39800
43400
40200
42700
31600
61100
75200
99800
47000
55800
45600
40800
55100
50100
71200
64000
58800
58200
68400
66400
52600
62800
62900
56100
56500
74300
69500
56100
59900
55200
54600
61100
69500
71200
68200
73600
73900
70200
75300
72500
75100
76700
71000
58100
52100
57500
57800
53900
83600
80800
69700
99900
75400
76800
82600
67600
74000
78300
60900
64100
66700
62300
65200
71500
58100
74400
46300
62600
60700
59600
49200
60500
53300
47400
57800
61500
51800
70900
58600
46400
47300
53800
48400
51400
62200
54400
40200
52800
61300
58800
59100
69000
68200
73600
75800
74500
72200
71600
76100
67700
56800
61500
57400
55300
58100
56500
58100
52700
58700
58200
58800
59700
64000
46400
51200
45300
49000
48000
48600
50300
54800
61100
71700
74200
72800
73800
74900
76500
73200
138200
75000
57500
78100
78100
77300
78400
78900
90800
101200
110400
98000
131800
49400
55600
49600
50100
49900
51600
48000
56600
59000
52400
49000
46800
44500
48400
48300
48400
50700
38600
46900
51100
56300
55400
58000
53400
51000
52500
51800
54200
53100
51500
53800
52700
53000
54900
54700
56200
55900
55500
54000
55200
55800
58500
57500
55000
57900
58000
50300
54300
53900
40200
42300
36000
46100
40600
38300
40500
40600
40600
41400
43500
91000
37300
38200
50300
37700
44200
44300
42600
42700
43000
43100
43400
43300
45500
44100
43700
44200
44900
63600
52500
44900
43700
43800
43900
43800
43800
46400
44200
40200
54000
46300
41100
40800
47600
50300
63900
45700
46000
45500
46100
46100
46300
46400
46400
46900
46900
45500
48200
49700
47200
48500
63100
46300
44100
49100
51500
45400
48400
50100
49600
50200
51700
49900
50600
50700
50100
57300
70000
50600
52900
51300
50900
50800
51600
51700
51600
53100
52400
58000
48300
53300
52600
67900
54700
53500
54100
53600
53800
54900
53600
53900
53700
54100
55500
54500
54900
55200
68200
55000
73700
97300
97900
98400
98400
102200
111100
100800
97000
96300
95300
93000
96900
99100
130500
145500
83400
65200
61000
58400
59100
66400
77800
66200
64000
64600
67200
64700
65600
66100
68000
65200
67600
66100
65600
66000
66100
67400
66500
66600
66700
67000
68600
67500
67700
67900
68400
73500
74200
68500
68800
69000
70500
69300
70000
69900
71400
70100
72200
71000
71900
70800
71300
71300
71600
73700
72000
72000
72400
73600
72700
73300
73400
73500
74100
77100
75200
74600
74300
75300
81000
75200
75300
75800
76900
75700
76800
78400
76400
76800
77100
78000
77600
78200
79300
77800
78300
79500
78700
78700
80500
79200
79800
80200
82200
82300
86100
97500
90300
90100
90800
89400
87700
88800
88100
86200
80500
77200
78700
78000
76000
81400
76400
78800
76800
76700
78200
76800
78800
78000
77200
78300
76900
77400
78200
77400
78500
82800
79000
78000
78300
79800
78400
79900
79200
79400
81300
80100
81700
80900
81100
83200
93300
84100
85900
87400
88300
87200
88700
87600
89100
88000
88200
86700
83500
84700
83600
85700
84700
85700
85100
84800
86300
85200
87200
86000
87700
86200
87600
86400
88200
87400
91300
89700
89300
87900
88000
93800
88900
90300
89500
92900
95400
96600
95400
97700
96200
97800
96700
98200
97500
99200
98400
99400
98500
99900
134300
151200
157500
161400
184900
186300
184200
177300
189500
188600
195100
190500
202100
197600
199200
197900
185800
181800
188400
177900
171700
164100
187600
196800
200700
186300
114000
107800
106500
108000
108500
125400
109900
108500
109500
109200
108300
109500
108600
110300
109100
109800
111000
109700
111600
111800
110600
112000
110900
112700
112600
112100
113400
112800
114200
114200
112800
114800
114900
113900
115600
115400
114500
116100
115200
117400
117200
116100
118200
118100
116800
118900
118800
118000
119400
119600
118100
120100
122700
121000
123500
122700
121500
123200
123100
125600
124200
124200
122700
124600
124800
124300
126300
126200
124000
124700
131900
126100
125800
124900
126900
126600
125600
126900
127200
127800
126300
128000
128300
128800
127300
129200
129500
129600
128800
130300
130500
130900
129800
131600
131500
131700
131900
133600
133300
133900
132600
134500
133900
134100
133200
135100
135400
135600
135900
134800
136900
136900
137000
136100
137300
137500
137900
138100
137200
139700
134900
134900
135300
135500
134600
136400
136200
158700
170100
174200
156900
151900
151700
151400
152000
151400
152000
156100
152300
151300
152300
151700
151700
152500
152500
152400
151900
153200
154000
153900
154700
154300
155000
155300
155100
155800
156300
156100
156100
157200
156800
156200
157600
158600
158500
157700
154200
154200
154800
170300
166800
157300
156600
156400
157000
156700
157100
157100
157500
158000
158400
158400
158700
157300
160300
160000
160000
160200
160900
160900
171900
153500
152500
152700
153500
153600
154100
154300
154300
157600
154700
153800
155500
154900
154600
155200
155700
155800
159400
156200
156100
156800
157300
157300
157600
158000
158400
158700
159500
159300
159500
160000
160200
160500
160700
161200
161600
161700
162300
162400
162500
180500
174000
173900
174800
174100
174600
175100
178100
175700
176300
176300
176600
177000
177600
177500
177700
178000
178200
178800
180100
181200
181100
181900
182700
182200
182800
183300
184200
184400
183900
184100
184100
183800
183500
184200
187100
186000
185300
186300
186100
185900
186700
186800
187000
187500
187800
188200
188300
188800
188300
189400
189400
190300
190100
191000
191500
192700
191200
192600
192300
192900
192800
193500
194100
193800
193900
195000
195100
195400
196400
196000
212100
197800
200300
199400
200500
199100
200300
200100
200400
200800
202000
220500
202700
201800
202100
201700
203200
201800
202200
205100
202600
203000
203800
203700
204600
204800
205700
212400
205700
206000
206000
207800
206600
207600
207300
208400
209700
208600
209200
219100
211900
210100
210100
210400
212500
211000
211400
212800
219400
216100
216000
215200
217000
215400
216300
216900
218000
216100
215500
217900
216600
216600
216800
218800
217600
218100
219500
218900
220100
219600
221200
219900
220200
222200
221000
221700
223100
222000
222600
227400
223400
224000
225600
224800
225200
226700
225300
226000
227500
226500
227000
228800
264300
259800
231700
230000
231000
232600
231700
231800
233500
231300
231800
233000
231800
232000
232600
233000
234300
233700
234100
236000
234600
235800
235400
235600
237300
236200
237000
239200
237300
239600
238200
238600
240600
240200
241300
240600
240600
245500
241900
241700
243700
242700
257200
244300
251400
246500
247000
246800
247100
247900
246600
247700
247100
248800
247200
249100
247800
248300
249900
249600
251200
249500
251500
250300
252500
251400
252800
252100
253300
253200
253600
254200
253800
255900
254600
256400
255500
257100
256500
258100
256900
264100
260400
261300
260300
261700
260800
263200
262000
262400
260900
262700
263700
261800
264300
262700
264300
263600
265400
264500
265700
265300
264700
267100
266200
268600
267100
269000
267500
270000
268500
270100
270200
270200
272000
270800
272500
271400
277800
275700
275100
275900
274600
276300
275300
277500
277100
275100
277000
275700
278000
277800
277100
283500
278100
279200
279900
279200
282800
280500
282000
282500
280500
282600
281400
288400
285700
283500
285000
287500
284300
285100
286200
285100
304600
285500
280900
285200
287200
288200
288500
287000
286500
287000
286300
288000
288600
287500
289000
289100
288900
290500
324300
292500
291600
291900
291400
300300
311500
311500
311600
313000
313200
313100
314200
314700
314300
324100
336800
319500
321800
319600
320900
323700
317700
318900
319300
319600
319400
320800
321600
321800
321300
322200
322800
322400
323700
375200
327200
324700
325800
326100
326400
325800
327400
328100
328200
342300
426100
430500
430300
435100
428500
427900
428400
428800
428600
430300
430900
431200
432600
507900
519700
523700
574800
523700
522900
523600
628400
442100
415800
414200
420600
458800
494600
494700
493300
497300
498000
497700
498100
498400
497400
500400
496400
407000
405100
432700
413600
423100
417400
408800
412700
414800
411100
409400
410200
412700
415700
412800
412000
325500
325800
326800
334500
328000
329500
329800
332300
330700
342200
330800
334600
333000
332800
332800
333500
363100
350800
356900
366500
346900
343700
342500
342700
336400
336200
337300
338400
340200
341200
339300
341500
339900
342200
341300
340900
347800
342700
342900
342400
343400
343900
346100
347400
375800
361700
359700
375900
364400
406600
383800
377200
377300
379700
391700
370400
369700
373700
363400
366500
367300
406400
368200
369300
369600
376300
369100
368800
375400
374500
370900
372800
369700
370900
372800
375300
408200
408400
412500
424400
415400
421600
476600
427400
388600
379400
377000
376300
385100
387100
380600
381000
378600
387600
387700
385700
409700
382100
384100
387600
388300
383000
383000
408100
422000
399500
407100
408700
405900
420400
395200
392700
390900
395100
390700
411900
393700
393300
395300
393700
397400
392700
393900
399800
389400
395200
395000
397500
401900
406200
408400
418000
410600
443700
419700
429100
441500
418700
418500
403900
404000
406100
418800
405000
404600
407700
406300
419300
406500
411100
406300
407300
405700
405500
406600
409500
408100
410100
408700
417900
428400
423200
408300
411700
415000
413600
422000
416400
415600
431400
404300
405700
407500
409900
406200
406900
415200
406800
408300
408900
409300
411900
409500
409700
411300
419900
418100
418200
421800
445200
431800
427300
428400
476500
432800
429600
433200
425500
429500
431700
436900
432900
436000
440200
435800
438500
434400
436600
464300
462300
484700
453600
492600
453700
454500
439900
440300
457600
446600
453600
441700
442600
441400
441900
441200
438100
444400
453300
450100
454000
461400
460600
512200
444700
461100
465900
496300
454400
472000
452300
450600
450500
457500
457000
466200
457300
453300
456500
460900
456000
457900
455400
464600
477700
456700
448300
447600
448800
476200
479200
471800
473600
467900
463800
469400
471900
467900
474400
466900
466900
533900
499900
467500
468600
469400
484300
498400
504100
471900
472100
475500
477600
490900
476700
475200
473500
488100
481900
497000
476200
478600
477900
486900
494100
491300
484500
482300
491800
496500
517200
504300
472400
474100
471900
476500
478200
478700
473800
473600
475500
474700
476200
475700
476900
476000
480300
515000
496100
507900
523300
512500
500900
499800
498900
493500
502000
584200
578700
553200
518100
501500
499100
501500
503400
537000
506500
507200
509400
503200
547300
545100
719500
535200
516200
505000
506400
599700
611200
584400
614400
525000
517900
508300
510500
544100
513300
519500
521100
518000
530400
571700
515100
520600
524800
528700
560600
562000
568900
603400
596800
578900
532400
522400
540800
524700
536000
527800
535200
536000
557600
524900
630800
533200
526600
557800
530300
588700
601600
600700
625800
542200
544800
542300
537500
537100
542600
536200
561800
565800
537000
540400
536800
540000
565500
538200
541800
545100
560800
575700
552000
575800
544300
566800
558700
554200
556500
575900
546700
550700
550500
546200
572100
547000
548400
579000
579600
624800
649700
624700
581500
571900
570700
560100
585400
561800
555900
557300
628700
571900
565700
558300
570600
564800
562900
605800
644600
653500
583300
561900
564900
570400
570900
563000
564900
593400
567300
567900
590900
573400
823900
622300
598100
594600
630400
688800
615700
588500
577700
573100
574200
616600
581900
579200
576900
619400
591400
585000
588400
585400
603200
634700
657000
664000
668800
599900
570200
584500
617500
589300
595500
598200
596600
596800
591700
591000
595200
632400
633300
596300
649000
772600
693700
616900
601400
619400
608300
598600
596900
606200
601800
607400
603500
627300
628300
631100
608300
650500
685100
667700
617500
639200
612400
606500
604800
621700
603100
1125100
728400
659900
649500
639300
652900
638800
645500
643100
644000
641600
641200
642200
643200
645000
645500
647800
655900
647300
646700
648200
647900
649600
------------------------------------------------------------------------
BUILD SUCCESS
------------------------------------------------------------------------
Total time:  1.975 s
Finished at: 2022-10-23T15:27:07+05:30
------------------------------------------------------------------------
