cd C:\Users\Rashid\Documents\NetBeansProjects\mavenproject1; "JAVA_HOME=C:\\Program Files\\Java\\jdk-15.0.2" cmd /c "\"C:\\Program Files\\NetBeans-12.0\\netbeans\\java\\maven\\bin\\mvn.cmd\" -Dexec.args=\"-classpath %classpath InsertionSort\" -Dexec.executable=\"C:\\Program Files\\Java\\jdk-15.0.2\\bin\\java.exe\" -Dmaven.ext.class.path=\"C:\\Program Files\\NetBeans-12.0\\netbeans\\java\\maven-nblib\\netbeans-eventspy.jar\" -Dfile.encoding=UTF-8 process-classes org.codehaus.mojo:exec-maven-plugin:1.5.0:exec"
Scanning for projects...

--------------------< com.mycompany:mavenproject1 >---------------------
Building mavenproject1 1.0-SNAPSHOT
--------------------------------[ jar ]---------------------------------

--- maven-resources-plugin:2.6:resources (default-resources) @ mavenproject1 ---
Using 'UTF-8' encoding to copy filtered resources.
skip non existing resourceDirectory C:\Users\Rashid\Documents\NetBeansProjects\mavenproject1\src\main\resources

--- maven-compiler-plugin:3.1:compile (default-compile) @ mavenproject1 ---
Nothing to compile - all classes are up to date

--- exec-maven-plugin:1.5.0:exec (default-cli) @ mavenproject1 ---
12200
6800
4700
3900
3900
3600
3400
3700
5900
6700
9500
4700
5300
5600
5800
6000
6300
6800
7600
7900
8700
8900
12700
12800
11100
11700
12900
13100
15400
15300
15600
16600
18800
20800
16000
17200
16500
18000
19800
20600
22900
27900
35700
31600
35500
39800
46200
45600
45100
48000
52800
49200
39600
42200
40200
44300
45300
49700
55600
58000
57900
60100
61000
62500
70900
69100
69000
65100
68700
69900
76200
73700
76800
75700
79100
84300
80200
79800
84400
83300
85800
89100
87200
85400
93400
91200
97700
97200
100200
108300
108100
104300
117400
107500
74600
28400
19400
46300
42500
71300
14600
19200
14600
80100
24500
19600
66300
22200
21400
34400
20600
19300
58200
13900
16400
46200
17000
17600
62200
15800
37100
18900
16000
83500
25200
93600
32700
68600
30600
26400
99900
28000
95400
27300
99800
29100
97700
34000
102900
83700
39400
97100
36600
101600
31600
101800
103100
35700
101400
87300
41800
103700
66600
44200
101700
70500
39400
107100
106000
42400
99600
105500
101700
40000
105200
101200
103600
100600
47800
104100
107000
102800
115100
130700
111100
96400
47300
115200
131300
120600
120400
117100
115400
118900
116900
119400
118400
119900
125300
121400
140600
126200
125800
128200
161700
139000
126500
126500
128900
125200
131700
197100
134200
129400
128900
180300
127700
133200
135000
191100
123300
127400
184500
138300
17900
14600
15500
12900
14800
12700
14700
12700
15300
12700
15100
12700
16500
13800
14500
13500
13800
16500
14000
16600
14200
17000
18200
17900
14300
17000
14700
17400
15100
17400
16900
18100
15800
15700
18800
15900
18300
16000
19100
15600
20100
17200
20000
17300
19600
16900
10800
9300
10900
10800
9300
10900
9500
10900
9400
10900
9900
11400
11200
9700
11300
10700
11300
9900
11200
11600
10200
11600
10400
12100
23300
19500
21800
21200
26000
30600
25900
22600
46100
29100
23000
19600
21400
19700
21500
21400
19200
24100
21500
20500
29600
17700
15300
17000
16700
16200
17300
16400
17600
18200
16500
17800
17600
17300
18200
19300
17200
18300
18300
18900
18800
20000
18000
19700
19800
18400
20600
19800
18000
20400
20900
21300
19000
19800
20600
18000
20300
20500
18900
19300
21100
20200
21500
21300
19900
18000
20900
22100
20400
20500
24100
22800
21300
23100
21200
22700
21100
22000
23000
21800
20800
26400
22900
23300
21600
23500
24000
22100
20800
22800
25000
23200
22800
22700
23400
27500
23600
20300
55200
31600
22500
24500
24600
23400
23900
25100
23900
25900
26100
27100
27100
25700
26600
38300
26700
26700
27700
26200
26700
30500
34300
27000
26100
27600
27500
36100
27700
27900
26200
26500
28700
28700
30000
31300
27800
26600
27800
28300
29800
29400
29000
28700
29200
29800
30100
29800
30900
31400
30300
30000
30100
31100
32700
32000
32600
32900
33200
31700
31800
31900
29800
31400
31100
31700
31800
31900
33000
33000
32600
33000
36000
34500
33200
33000
28900
32200
32900
33000
32900
34200
35400
34200
31300
35300
36100
34100
35500
35500
35000
37200
45100
35600
36300
37300
37400
37600
36800
32600
24300
24400
24300
24300
24500
24200
24400
24800
25800
24700
24500
25000
24800
25200
25400
24800
25300
25200
25200
25700
25300
25500
25300
25600
26400
25800
26100
26200
25900
26400
26900
27000
26800
26700
26600
26800
26800
26800
27100
26800
27700
27200
27000
27700
27300
30200
27500
27800
27600
33300
27400
27800
27500
27800
27700
30300
28200
28600
29400
29600
28000
32100
27800
27800
27600
28100
29900
28500
28400
28700
29100
28600
28300
28300
28800
29400
28800
29500
29400
29200
29000
29200
30600
29700
29900
62400
29700
29900
29900
31300
32100
30700
30400
30200
30800
31800
30900
31300
31000
45400
30700
32300
32600
31000
31500
31600
32000
31600
33600
33200
32000
32200
32200
44400
33700
32600
33200
33200
35200
34500
33200
33700
33200
33700
34900
34400
33700
48900
35900
34200
34000
34300
35100
34500
34500
34700
34400
35100
34500
34700
48000
36100
35100
35300
37300
35900
35600
35500
37000
36200
36400
36300
37800
50300
36600
36500
38400
37300
36700
38400
37100
37100
36900
37500
37500
37900
51800
37500
39300
39400
41000
38000
38900
38100
37800
38700
38500
38600
39200
56500
39000
38700
40200
39100
39100
40700
39200
39600
41200
40000
43200
58100
40500
41600
40800
44900
39600
39700
41000
39200
40700
39600
39800
41900
39800
40300
41200
40400
42100
45000
44600
42800
42300
46800
50600
53200
43300
43400
44500
43200
47200
43400
43800
45000
43700
45300
44500
43800
44900
43800
45300
44400
45300
44200
46700
46100
45000
45800
44600
46700
45200
46700
45100
45100
46300
45300
47100
45400
47200
45900
47700
46000
47400
46400
47600
53400
48200
50400
48300
48200
47100
48700
47400
48500
47500
49200
47900
49500
48600
49900
48100
49800
48600
49700
48900
52200
49200
50900
50700
49100
51000
50000
70900
66100
76400
79900
75500
79900
84000
85000
87400
77200
82900
66100
54100
52100
53500
52000
53200
52500
53700
53400
52600
54300
57600
54700
53000
54300
54400
53300
54400
53400
54900
54700
54000
54900
53600
55500
54200
56100
55500
54100
57500
55900
54800
56500
54900
56800
56400
55900
56800
55500
56800
57200
56000
57600
57300
56100
57700
59300
56500
57800
57800
58200
60200
57100
58600
58200
57200
61000
58600
57300
63800
59000
58000
59200
143900
139700
138500
148000
161900
129600
137200
154100
129200
128000
121800
170000
162700
177000
197700
184000
189800
204300
226700
199200
186100
166400
121900
117800
112800
112200
107300
111100
110900
114000
115800
116700
112600
114500
109000
105200
104600
106100
106300
105600
104400
106900
107200
107400
105700
107600
108100
108200
106700
108800
131000
111800
111000
119700
112400
113000
115800
111100
111100
110100
110200
108700
110400
111100
111000
115000
128200
111800
112100
129500
113300
114100
122800
120100
125100
122900
122800
112800
89000
109800
121100
101900
108800
92200
99400
102500
97900
96300
94500
103500
116500
104700
102800
95600
93700
103200
100800
100300
99300
93500
98900
104500
101900
94200
104000
104000
99800
96400
101300
102600
100600
103600
103900
105800
104400
102200
105300
105800
108700
98700
103300
113300
113100
122800
115800
115400
108600
116300
104700
87300
101600
89700
97900
96800
102200
96500
93500
98800
105400
98300
107000
100400
98400
100600
99300
92000
90300
89700
84700
111600
91100
106700
87000
85700
86100
89500
90700
86100
85800
88700
86800
87000
87200
87800
88700
87800
88400
87900
102100
98900
88600
110900
90800
88800
89000
88700
88800
88800
88600
89100
88600
89000
89000
89300
89600
89600
90100
110800
91400
91100
95100
91100
95900
91700
91800
92100
92000
92500
93000
97100
93100
93300
94100
93400
93800
93800
104400
94600
94500
94700
95200
94900
94800
95200
98000
95800
96000
97000
95900
95800
96200
96200
96500
96500
96400
97200
97500
96800
97000
97300
97500
97400
98100
98300
100600
113400
124400
113100
116300
113600
113400
113200
113900
114600
113700
114100
118200
111200
105700
115600
114000
115200
111700
112100
114400
112500
112400
112300
106400
113200
113600
112600
112800
113400
108200
107200
110300
114200
132500
118000
141200
119200
117400
122500
119500
126800
163600
154300
126900
131500
138200
118600
108300
111600
131700
125500
119800
134700
137200
135400
141600
146600
125800
117800
116400
116500
116400
117300
118600
114000
114200
113800
115100
114200
114500
114100
114800
114300
114600
116200
119300
109500
109100
110200
109400
109600
110800
110100
110400
111000
111500
110800
110600
112200
111500
111400
112600
111600
111800
116400
112400
112700
113600
111400
109000
109800
108900
109100
110300
109400
109900
110900
109800
109700
111100
110200
110100
111500
110400
110600
111600
111100
111100
115500
111400
111900
111500
112000
112400
112000
112500
113700
112400
112900
112700
119200
122500
127300
135300
137400
120800
119600
118400
114200
115900
114600
116100
115800
115400
120300
116100
116200
117900
116500
117900
116800
125400
117500
118700
117800
118200
118800
118700
119600
119200
120500
119700
120700
120400
120700
126600
125000
126500
125900
126700
126000
127500
126500
127900
126800
127700
127000
127600
127300
127400
129400
127300
124500
123800
125100
124000
125300
124500
125700
124300
125300
125200
127900
125400
126200
125900
126600
126100
127300
128000
126600
127900
127200
127900
127000
129500
127700
129100
127900
128800
129200
128600
129900
128900
129900
129600
130100
134600
142700
142200
140500
145800
141400
147400
136500
136700
136400
135700
133400
132500
133700
132900
133900
133800
132500
134100
133800
134800
134900
134200
138800
145200
136300
146200
138500
140900
145000
141900
138300
143000
141500
141600
150800
142600
140500
138000
138700
137400
138500
138700
137800
139300
138100
139400
139900
139000
140100
140400
139400
140400
141100
140100
141500
141500
141000
142400
142200
141800
143300
143200
142300
143300
143200
142700
143600
143700
144000
143500
144900
144400
143900
145400
145800
145000
146300
152800
158400
148200
145900
146900
147300
146400
147900
147700
147400
147200
147900
148200
155700
151100
154100
156500
153300
154900
155100
155600
154200
155900
155900
156000
154600
155600
155600
152200
151900
150900
151600
152900
152500
152200
153100
153500
153800
153000
169000
166000
165600
169400
159900
156200
158500
155800
155400
164800
156700
160400
157900
157900
157000
158500
158100
162800
158200
157900
158900
159600
159400
160000
160100
159200
160700
160700
161000
160800
161100
165200
162000
161800
162200
162100
162800
170600
171600
175400
512700
166600
164800
164700
163400
163300
166800
165100
165100
165000
165000
165400
168300
169900
165500
166900
167100
167000
170000
167500
168100
173200
169200
169000
167800
169700
169600
173900
170300
170500
170500
170900
173100
176500
172200
171500
199100
181900
228500
223300
184300
178400
178300
178600
178700
179900
179700
306100
187100
180500
180200
191500
202900
195500
181500
181200
181800
181400
182700
190100
182400
180900
177500
177600
177300
178200
178200
178200
178700
178700
178600
179900
179000
179300
180100
180500
179900
180200
180500
180700
180900
181200
181100
181100
181300
181300
181300
181800
182100
182800
183100
183500
183500
183400
184200
184300
184600
184600
187400
185600
185700
185300
185800
186100
194600
201500
199400
195900
196200
196200
203600
219700
221600
241800
225200
199000
195300
195700
195400
195500
196000
196900
196400
196600
196800
196700
196900
197000
197400
197900
198100
198500
198400
199400
199100
199600
199900
205200
200300
200800
201300
201800
207400
201700
202500
202300
202700
202600
203100
203500
203000
203100
203700
211100
206400
208600
207100
207100
207600
207600
207900
209100
209100
207800
213000
222200
211700
207800
208200
208400
208600
209500
208600
208800
209300
209200
210400
210100
209900
210200
214100
210400
210400
210700
211600
212600
211800
212700
212700
214300
213300
213700
214500
215500
214900
214500
215500
215600
215700
216100
218400
222400
221400
266400
249200
223300
220600
220400
220900
220900
218000
218200
218200
219700
222300
231100
223800
220900
220400
220500
221900
229400
221300
221300
222600
222300
222300
223100
222100
222700
223600
226700
223500
223700
224600
224300
223900
224700
224600
224800
232700
225900
225900
227200
236500
281300
241300
233500
231000
232000
231200
231200
230100
228700
229500
248100
242600
243800
242100
233400
233400
233200
239100
333200
355900
358100
359900
365300
363600
356800
363800
361400
364900
362400
363100
363100
364700
366500
366200
366400
371000
367400
368400
367900
368300
368800
367900
369600
369200
316700
363900
368700
312800
256800
350800
368400
384400
371900
375800
375800
377000
372900
376000
376000
379100
376600
375800
379400
379900
379000
380700
380300
379800
380500
284000
244000
434900
372000
370800
385900
374900
381500
383600
387000
384400
384200
381800
386400
382000
386000
387200
317200
284400
263800
294900
262400
261600
267600
261800
259700
258600
258200
259000
258300
259800
263700
271100
270200
260700
261100
254600
253500
252000
253500
252500
253600
252800
260700
390000
392100
266500
265200
262900
262300
267700
257100
256400
255500
337000
263600
257500
257500
256400
266500
265800
264600
264200
264100
265200
265000
264900
265900
268100
270300
280300
270500
267600
266200
268100
268000
268100
268500
268500
267800
269500
269100
268800
270500
268900
270800
270600
388300
410900
412500
416800
415000
423400
414700
412100
417800
418600
417800
417800
418400
417300
415100
417600
413900
416800
420700
411100
422400
421500
424400
299800
298400
292000
316500
428300
428700
421000
426100
423100
431200
427800
424900
426900
431600
425500
424100
416100
319700
417400
426200
440700
429500
422100
431600
428700
434600
433000
661800
312400
277500
276700
276600
275300
276900
277200
276700
275900
277000
277500
277800
284300
277700
278500
278500
281700
442100
390300
361500
305400
301500
304200
304600
299500
321100
302700
303300
381100
306200
303900
304000
304000
304500
316700
305900
305700
306600
311800
305400
307000
309200
307400
307800
314700
312500
310200
310800
317300
333900
369300
346600
338500
311200
311900
312100
313800
313200
311800
314200
319700
317500
315400
316200
316300
315400
318100
318400
317800
316300
321300
332800
331500
327200
331800
327900
319200
318000
319200
318900
319100
319900
320100
323000
320400
320900
321700
323200
324500
322200
322100
323000
349000
388800
329400
327900
324600
325000
325700
324900
327100
------------------------------------------------------------------------
BUILD SUCCESS
------------------------------------------------------------------------
Total time:  1.965 s
Finished at: 2022-10-23T15:14:43+05:30
------------------------------------------------------------------------
