cd C:\Users\Rashid\Documents\NetBeansProjects\mavenproject1; "JAVA_HOME=C:\\Program Files\\Java\\jdk-15.0.2" cmd /c "\"C:\\Program Files\\NetBeans-12.0\\netbeans\\java\\maven\\bin\\mvn.cmd\" -Dexec.args=\"-classpath %classpath InsertionSort\" -Dexec.executable=\"C:\\Program Files\\Java\\jdk-15.0.2\\bin\\java.exe\" -Dmaven.ext.class.path=\"C:\\Program Files\\NetBeans-12.0\\netbeans\\java\\maven-nblib\\netbeans-eventspy.jar\" -Dfile.encoding=UTF-8 process-classes org.codehaus.mojo:exec-maven-plugin:1.5.0:exec"
Scanning for projects...

--------------------< com.mycompany:mavenproject1 >---------------------
Building mavenproject1 1.0-SNAPSHOT
--------------------------------[ jar ]---------------------------------

--- maven-resources-plugin:2.6:resources (default-resources) @ mavenproject1 ---
Using 'UTF-8' encoding to copy filtered resources.
skip non existing resourceDirectory C:\Users\Rashid\Documents\NetBeansProjects\mavenproject1\src\main\resources

--- maven-compiler-plugin:3.1:compile (default-compile) @ mavenproject1 ---
Changes detected - recompiling the module!
Compiling 2 source files to C:\Users\Rashid\Documents\NetBeansProjects\mavenproject1\target\classes

--- exec-maven-plugin:1.5.0:exec (default-cli) @ mavenproject1 ---
4700
2500
1600
1000
900
1000
1100
1000
1100
1000
1600
1900
1800
1900
2300
2300
2900
2400
2400
1600
1700
1700
4400
1700
2000
1900
1800
1800
1900
1800
2100
2100
3100
7800
3200
3300
2700
2800
2500
2400
2500
2500
6800
2900
3200
6600
3800
4200
4300
4400
7100
4000
4000
4500
4300
4400
4600
7400
4700
4800
5100
5100
5300
4800
12900
5200
5000
5100
5200
5400
9300
23000
5500
5500
5700
5700
6000
6200
9000
5900
6000
8200
5700
6000
4500
4600
8500
4700
4600
4500
4700
9100
6200
6800
6700
10800
6600
12200
5100
5300
8600
10600
5500
5400
8600
5500
5600
5400
6900
5700
5900
7800
7100
5700
5900
5900
7500
4900
4500
4800
5900
4700
4800
6100
4700
5300
6700
10400
2400
2100
5900
1700
1800
2000
7300
1300
1400
2700
1400
1400
3100
1400
1400
1300
1400
1500
1600
2500
1300
1300
2600
1500
1400
2700
1500
1500
2600
1500
1500
2600
1600
3000
1500
1500
2700
1500
1500
3000
2800
1500
2900
1600
1500
1600
2200
2900
1700
1600
2800
1600
2900
1700
1700
2800
1600
3000
1800
1700
3000
1700
9700
1800
1800
3100
1900
3300
1600
1700
5200
1700
3000
1700
3000
1800
1800
2900
1700
3000
1800
3300
1900
3000
3000
1800
3000
1900
3600
1800
5400
2000
3400
1900
3200
1800
3100
2000
1900
2000
1800
3100
2000
3100
1900
3100
1900
3100
2000
3100
2000
3900
2100
3200
2100
3200
2000
5800
2000
3900
2000
2000
3300
2500
3400
2000
4700
2100
4500
2100
3700
2200
3300
2200
3400
5400
2000
3900
2200
4400
3000
7000
3100
5100
5900
4100
6100
4100
5400
4200
7200
5100
4100
5800
5000
4600
3700
2300
3500
2500
3500
3600
4200
6100
2500
3600
3600
2600
3700
2400
5800
3900
2400
8800
3800
2400
3500
4000
11500
3800
2600
2600
6000
2600
3900
3800
2900
4000
4100
2600
3700
4100
3700
5000
5500
4100
5900
6200
39600
9200
6200
3900
4200
4600
4300
5400
5600
5500
6700
6100
6600
4600
6000
6600
5000
6100
6100
4400
6000
5500
9700
4900
7800
7100
4800
4600
5900
8600
6500
6500
6100
7500
5000
6600
6900
8800
4700
7000
6400
6500
4800
6300
6500
7100
5000
6700
6500
7200
5500
8700
10700
6200
6300
6100
29500
8000
5500
4900
6400
6800
6900
6400
5300
6500
6100
6300
6200
4500
7100
6100
6900
7800
6600
5400
9500
9200
7000
9000
5700
9000
6600
5700
9200
7300
5500
5900
6400
7000
9800
7800
7400
6500
7100
7200
10100
7200
7000
7500
5700
9300
8200
6600
7000
7600
9900
7600
4700
5700
6800
7400
8800
7500
7300
8200
11100
7500
4800
5300
5200
6300
6200
7400
8000
7900
8400
7800
10700
7000
6500
8900
5900
8200
7000
7400
7500
7600
7100
7300
7500
7400
7500
7600
8100
8700
8000
7700
18400
8800
8700
8000
7900
8300
8100
8300
8700
8000
8500
7100
8200
8200
8300
7000
7100
8800
7800
9100
8300
8200
8500
8800
8400
9600
7900
6900
7800
8400
7200
8300
7900
7800
10000
8600
9300
8600
6900
7700
8000
8200
7900
8600
7900
8800
7600
8600
8500
8200
11200
8700
9700
9300
10100
9200
7600
8200
8400
7300
6200
6800
7200
9000
7700
10700
7500
8500
8100
7800
8100
8000
8400
8300
9200
8500
8600
13600
8600
7800
8200
6800
9000
7700
8500
7900
7800
7700
8400
7900
9600
9100
7700
7500
8300
10000
9100
9700
8100
12000
10700
8900
7900
10000
8900
9200
9200
9000
9300
13200
11400
10900
7400
8200
10700
8200
10900
8600
7300
8200
8200
8200
12200
10300
8600
8600
8200
12500
8700
9200
10200
10300
9200
7100
5400
5500
8700
6100
6000
5800
7100
5800
5800
5500
7500
5800
7900
6000
5600
9300
7100
6500
5400
5700
5700
6100
6900
6000
5600
5800
7200
5800
6000
6600
7600
6100
6000
7600
5800
5500
5800
6100
5700
5700
7300
6400
6000
7700
5900
5700
7000
6500
6100
5600
6100
6200
5700
7500
6800
6500
7500
6300
5600
7600
6300
5800
7200
6000
7000
5900
6600
10300
6200
9000
6200
5800
7400
5900
9400
6300
5900
7800
7000
6300
8100
6400
7600
12100
7100
6400
5900
7500
6600
7300
7400
6800
7500
6000
7800
6200
5900
8100
6200
7500
6400
6300
8000
6500
8000
6400
7400
6800
6700
7700
5900
9500
6500
8600
6700
7600
6300
6700
7700
6200
7600
6200
7500
6700
8200
6400
8500
6400
7700
6400
7400
6600
6600
7600
6900
8400
6400
8000
6300
7700
6600
7700
6200
8000
6600
8400
7200
8100
7000
8100
6700
7700
7900
6600
7600
8400
8200
7300
8200
6400
8000
6300
7900
6700
9600
10400
8000
7000
11100
7000
8500
6500
8100
6600
7900
8100
7000
8000
6800
7900
7300
7800
7500
6900
10100
7900
8100
8000
6700
52000
7400
8000
6600
6800
8200
6800
8000
8000
7500
26600
7600
8300
8200
6700
8100
6900
8400
8400
6700
24800
10500
6900
8300
8300
6900
8400
6700
8100
7900
22700
8400
8100
6600
8300
8700
6700
8300
8600
7100
26300
8900
6700
8100
9800
7000
8600
8100
9300
20900
8100
7500
8200
8200
7700
8300
8400
7300
8200
28900
8900
8700
7300
8300
8200
6900
8600
8600
8300
25400
9000
8500
8500
7200
10900
8300
8100
7700
23900
8900
8300
7700
8700
8300
8200
7200
8300
21000
16100
7800
9000
9100
8800
7700
8500
8600
8900
29100
8100
10800
8800
8500
7200
8900
8600
8600
28200
7600
8600
8400
8600
9100
8500
7300
11000
28900
9000
15200
7000
8700
9000
9400
8500
8400
26400
9600
11500
8500
7200
9000
9000
8900
20700
9500
13600
9500
8800
9100
8700
9000
8700
21400
8600
8600
8600
8700
11300
8900
9000
9200
23300
9400
9100
8800
9200
9200
9300
9200
9100
28900
8600
11600
8700
8700
12900
8800
8800
23900
11700
9300
9400
9000
7400
8900
9300
9100
29700
9800
9300
8900
8900
9100
8800
9000
25600
9400
9200
9200
10900
9300
8700
9800
23400
12200
9500
9100
8900
11900
8900
9300
19900
11100
11800
12700
9400
9100
10800
9800
11200
28300
9600
9100
9200
9200
9200
9600
9700
27300
9300
11000
11800
8900
9100
9100
9000
26500
9800
10000
9400
10600
9900
9500
9500
26900
10700
9500
9600
9800
9700
9300
9300
31600
10100
14700
9100
9400
9700
9600
9400
30100
10000
9600
10100
9700
9900
11500
21500
10000
10900
9700
9300
9600
11000
9900
23600
9900
9800
9300
9400
10100
9900
9900
28000
10900
10600
10600
11800
10300
9800
28300
36900
13700
9900
13300
12300
10100
10200
26900
33900
10100
12600
9700
10000
12500
10300
33900
47800
9900
9700
10100
9900
10800
25200
33000
10400
10100
11000
10700
9900
20700
25000
10300
10000
9700
10700
10200
10400
31200
45900
14200
9900
10200
10900
10000
23300
31100
10100
11300
10200
10500
10100
22000
21600
11800
10400
11200
12600
16900
10200
30700
44000
12700
9800
11100
10700
11200
28100
42800
10000
10300
11000
9800
10000
25300
36100
10100
10700
12000
9900
10200
24400
36200
10700
10200
11000
10100
10500
25600
30800
10600
12600
10900
10700
12200
23900
33200
14200
12300
10700
11600
10200
25100
43900
15100
14100
16900
21800
14900
41400
51500
32600
13100
8300
10200
10400
9700
11000
7800
9600
12800
11200
9700
14300
9500
12300
10200
10200
15900
9500
10400
11000
13100
14500
11500
10900
17400
11700
12300
10600
8700
22000
9000
11200
13600
8600
14500
8800
27200
8900
14000
8800
10700
11000
11600
11600
8700
13800
8600
13200
9200
9500
12800
8700
19700
10500
10000
10100
12300
8400
14300
10700
12600
10100
11900
13600
10800
12400
10200
13100
10200
12800
9600
12100
10000
12700
11200
13100
10500
18200
12100
13600
12600
13000
12500
17300
15800
12700
14900
13900
13500
13300
15700
10800
13300
13200
13100
15700
14200
14200
14100
14300
19500
14000
13700
16600
17500
18500
14200
13000
16600
11200
15800
13300
13900
14300
16700
13300
13600
20900
16800
14900
16400
55400
16000
55700
11600
13900
12100
13700
14300
10600
20300
11500
14500
14600
11500
15100
11500
30200
14900
11200
14400
13800
11100
13900
13300
10700
13200
11000
13300
14500
11400
14100
21200
12500
14600
14700
11700
15100
17700
11800
15300
15300
12500
15700
15800
12800
15600
15800
12000
15400
16300
12200
12400
16500
15100
12200
14600
15800
12100
15700
14500
11800
26900
15900
14500
13800
10400
12900
13400
13000
10800
13000
11800
11100
8300
10800
13400
10900
10600
13500
13400
10600
13800
13400
13500
10900
14300
13700
13500
13800
10800
15000
11100
12900
11700
13900
13300
13700
10400
13200
14000
13800
13600
10700
15000
19700
13900
10300
14200
13300
22200
13800
13500
11000
14200
14100
13200
14600
11300
15200
14000
13700
13200
13600
11600
13100
11000
10700
10900
11300
9700
10800
11100
12100
13400
13500
13200
10600
14200
15300
14200
13400
13700
18200
10700
13700
14000
13800
13400
13200
13300
14100
18000
10600
13700
13900
13700
13600
13600
14100
14600
13300
13900
11600
14300
13200
12400
15000
10800
11000
30600
14000
12900
12800
14000
9300
13300
11400
13600
11700
13600
12100
14000
12100
13500
12100
14200
12900
13600
13800
11400
13800
11400
14200
11200
13900
12000
14900
15200
12700
12100
13400
12500
12200
14600
13100
12100
13600
12300
14200
11500
14400
11900
14000
12300
13400
13000
14500
14200
11200
13800
12200
13400
13400
11100
13700
11600
14500
14400
13800
12400
14100
12400
13900
12600
13200
12800
20400
11300
12200
14300
13700
12400
23600
16000
13900
12400
14200
11600
16100
12900
14400
14200
13100
13700
12300
13700
11300
13600
12100
17700
12900
12500
14400
11900
13600
11300
12300
14200
11300
13700
12300
15300
13000
14400
12900
16100
14500
12600
14400
12700
19200
14500
12300
14200
12200
13700
13000
13500
14200
12700
12500
13300
13900
14300
14600
16900
13100
13100
14300
16100
12500
14100
12300
14000
16500
11400
14700
12200
14000
14900
13700
13400
12400
13000
14700
13500
11800
14100
16400
13000
14400
11500
14200
14500
15300
13700
13000
17000
12500
14900
13200
14900
13900
14500
12100
11400
10900
11300
30000
34700
13800
12700
14200
18300
10900
11200
11200
30900
30900
74600
13200
15600
14500
13400
18300
16500
13900
13200
16400
43900
13700
14200
17400
13600
13600
32700
13200
13800
16600
13700
13700
30000
16600
13800
14600
15400
31700
17300
17300
13200
13900
16600
12900
14400
14700
13700
12500
16300
13800
12300
14200
12800
37100
40100
17700
26500
17100
14800
13000
34300
14400
11900
11500
13700
12200
39700
12000
11700
14100
12500
16300
21900
16500
20500
13400
18000
19200
12700
56600
15500
13600
11700
11500
14900
35000
13800
11500
13800
11500
14000
23700
13700
11700
32100
29700
18400
16900
14000
28500
12000
14600
12600
15200
35800
17200
13400
11700
14200
11000
18600
27500
15000
11600
13900
13200
39900
17000
15400
12000
13600
11500
18800
17000
13500
11300
14100
11500
37400
16600
14200
11500
13700
13700
19800
11200
11800
14100
12200
35800
11900
13600
11900
14300
11300
15700
13200
11500
13800
11300
14000
11100
14200
11300
14600
11500
14200
13800
28500
14000
11500
14400
11400
17400
11100
14000
15100
19400
14300
11700
14200
11400
14700
13800
11500
14100
11700
14300
14700
30300
14200
11300
14400
14300
12100
14700
11700
13900
30800
11700
14700
13900
12100
14500
11900
11500
14100
11300
30900
13800
15200
11900
13700
13900
27200
14000
14100
11600
13900
13500
11900
32000
13600
12000
15000
13700
29400
13700
13900
11800
13800
14000
13200
17100
17300
11500
14400
14200
12000
11600
14200
13900
14200
14800
13900
11300
17000
14500
14200
13700
11400
14800
14100
11700
15200
14300
13900
11600
15000
14000
30900
15800
17700
19300
18000
14100
17500
17600
17300
14000
17700
17700
17700
14300
17200
17600
17400
17400
24500
17900
14500
16700
17800
17700
17000
13700
17700
17200
17300
17300
14800
17200
17500
17500
17300
14100
16900
18800
17300
17500
14600
14900
25400
16300
16000
16600
13700
16000
16500
20700
13500
16600
16800
27300
16300
16700
16800
16400
16700
14100
16100
35200
16800
16800
16700
16300
24900
13400
25100
17600
16500
33900
16700
16700
16400
13300
26900
16400
16500
16200
16700
15800
42900
17600
22000
17500
35700
17400
17400
17300
14400
17900
36700
18400
18100
18300
17700
18000
17500
17400
17600
18000
------------------------------------------------------------------------
BUILD SUCCESS
------------------------------------------------------------------------
Total time:  2.193 s
Finished at: 2022-10-23T14:48:29+05:30
------------------------------------------------------------------------
