cd C:\Users\Rashid\Documents\NetBeansProjects\mavenproject1; "JAVA_HOME=C:\\Program Files\\Java\\jdk-15.0.2" cmd /c "\"C:\\Program Files\\NetBeans-12.0\\netbeans\\java\\maven\\bin\\mvn.cmd\" -Dexec.args=\"-classpath %classpath InsertionSort\" -Dexec.executable=\"C:\\Program Files\\Java\\jdk-15.0.2\\bin\\java.exe\" -Dmaven.ext.class.path=\"C:\\Program Files\\NetBeans-12.0\\netbeans\\java\\maven-nblib\\netbeans-eventspy.jar\" -Dfile.encoding=UTF-8 process-classes org.codehaus.mojo:exec-maven-plugin:1.5.0:exec"
Scanning for projects...

--------------------< com.mycompany:mavenproject1 >---------------------
Building mavenproject1 1.0-SNAPSHOT
--------------------------------[ jar ]---------------------------------

--- maven-resources-plugin:2.6:resources (default-resources) @ mavenproject1 ---
Using 'UTF-8' encoding to copy filtered resources.
skip non existing resourceDirectory C:\Users\Rashid\Documents\NetBeansProjects\mavenproject1\src\main\resources

--- maven-compiler-plugin:3.1:compile (default-compile) @ mavenproject1 ---
Nothing to compile - all classes are up to date

--- exec-maven-plugin:1.5.0:exec (default-cli) @ mavenproject1 ---
600
1700
1400
1300
1100
1300
1100
1300
1300
1500
1600
1700
2000
2500
2100
2300
2700
2600
2700
2600
2500
5800
2200
2100
2200
2300
2400
2500
2500
2800
2600
2900
4200
2700
2800
2700
3900
2900
2900
3100
3100
4900
4500
3800
4900
3300
3400
3400
3300
4900
3600
3600
3500
3700
3700
3800
5600
4000
4000
4100
4000
4400
4000
7400
4700
4700
4500
4500
4300
6100
4600
4900
4600
4900
6200
4800
5000
6300
4900
5000
6600
5200
5200
5300
6900
8100
5500
5600
5600
5800
6900
5800
5800
5700
9900
7400
7500
7400
7500
9500
10200
7700
7900
9800
8100
8100
8200
10200
8200
6600
12800
8300
6700
6900
6900
8800
7000
6900
8100
12000
7200
7200
8400
7100
7400
6800
9100
6200
5700
7200
5700
5700
5600
7000
7200
2200
3100
1700
1700
3200
2400
1800
3100
1700
1700
1700
3000
1800
1700
3000
1700
1700
3000
1700
1700
3000
1700
1700
3000
1800
3200
1900
1800
3300
1800
1800
3200
1900
2000
2900
1900
1900
1900
1900
4200
1800
1900
3200
2200
4300
1900
1900
3200
2000
3300
2000
1800
3300
2000
5900
2200
3100
3700
2100
3700
2000
2300
3600
2100
3300
2200
3700
2100
2100
3400
2300
3100
2000
3600
2100
5000
6000
2100
3600
2100
3200
3500
4000
2200
3700
2900
3900
2600
3600
2300
2200
2400
2200
3500
2300
3800
2400
4000
2500
3400
2300
3400
2300
3400
2400
3400
2200
3400
2400
3500
2400
3700
2500
2400
4000
2500
4600
2400
5700
3000
4500
2500
3900
2600
3900
2400
3900
4100
2500
4100
2900
4300
2500
4000
2600
3900
4200
2600
4300
2700
3900
2600
4300
4300
2700
4200
3500
4400
4400
2800
5000
2600
4000
4200
2600
4300
3100
4000
4300
2700
4300
2700
4200
4800
2800
7100
4600
3200
4100
4700
2900
4000
3200
2900
12600
3000
5600
5600
3200
4500
4300
2900
4200
5000
3200
4400
4700
3100
4500
4400
3200
4200
4700
3100
4500
4900
3000
4100
4600
3800
4300
4400
6700
3200
4400
4800
3200
4300
4300
3500
4700
4600
4800
3100
4800
4800
3300
3100
4500
4800
3400
4700
4600
5600
3400
4500
5100
4700
3300
4600
4900
4800
3300
4500
4800
5300
11900
4900
5000
5000
11700
4300
4000
4500
4400
3500
4600
4400
5200
3000
4200
4300
4300
4600
3000
4400
4300
4400
4400
3100
4500
4000
4200
4700
4100
3100
5000
4500
4900
4200
3100
4600
4200
4000
4600
4900
3100
3300
4300
4600
4600
4400
4600
3200
4100
4400
4800
4500
5000
4500
3400
4400
4500
4200
4500
4700
4700
4700
3100
3300
4400
4500
4400
4700
4500
5100
5400
5100
3200
4500
4700
4800
4600
4500
4700
4900
4900
4700
6200
4700
4600
4700
3500
5600
4700
5300
4700
4800
5100
4900
5800
4800
18500
5200
5000
4900
5100
5000
11600
5000
5200
5700
4900
5600
4800
5300
4900
5000
5300
5400
4900
5000
5300
5000
5200
5200
5100
5100
5600
6000
5300
5300
5500
5500
5200
5100
5200
5200
5600
5400
5200
5600
5100
5100
25700
5600
6000
5100
5200
5000
5100
5000
4900
5400
4800
5600
5100
4900
5200
5300
5900
5500
5000
5400
5400
5100
5500
5300
5500
5000
5500
6800
5300
5700
5300
5800
5400
16000
5400
5600
5500
5300
6600
5400
5500
5400
5400
5700
5500
5300
5800
5700
6100
5400
5500
5400
5100
5700
6700
6000
5800
5600
5500
5900
5700
7200
6000
6000
5700
5700
5800
6900
5800
6000
5900
5600
5600
6700
6300
5900
6300
5700
5600
5700
5700
7300
5600
5900
5800
5800
7100
5600
6100
5800
6400
7300
6000
6000
5900
6000
7200
5800
5700
5800
7400
6000
6200
5800
7900
5800
6000
5700
5600
6200
6300
5500
5800
6900
5500
6400
5700
6500
6200
5900
7400
6700
7100
6100
7700
6100
6400
6300
8400
6400
6500
7600
5900
5900
5700
6000
5800
5800
7100
6100
6100
7500
6600
5600
7200
6200
6500
6000
6100
5900
6100
7500
6000
6600
8100
6700
6500
7800
6300
6000
7600
5900
7100
6400
6200
7300
6800
8900
6300
6100
7600
6200
7200
6500
6000
7700
6500
6000
8100
7000
7800
9100
7500
6300
6200
7600
6200
7900
6700
6200
8500
6700
7600
6400
6300
7700
6300
7800
6400
6500
7900
7200
9500
22200
8200
6800
6500
8200
6500
8100
6200
7700
6700
8100
7100
6600
7700
6500
7800
6500
8100
6300
8100
6700
8800
7100
8000
6900
8200
6700
6400
8000
6500
7900
6800
8200
7200
8000
6700
7800
6500
7800
7000
8300
6600
7900
7200
8300
10000
7800
7900
7300
7700
6700
7700
6500
8300
7200
9000
7000
8500
8400
8900
8400
9000
6900
8100
7300
9000
7000
8400
7000
8500
8600
6800
8200
6800
8400
7300
8500
8500
6800
8300
8200
9800
10000
9000
10600
10600
9000
7400
7000
8300
6600
8300
8400
7000
8100
7500
8900
8000
7100
8400
7100
8400
8300
7000
8400
9500
8300
8900
8300
7000
8900
7300
8400
8400
7200
9200
9200
6800
8200
9000
7000
8700
8400
7000
8400
9600
8000
8200
8300
7300
8500
8500
9200
8700
8700
7900
9600
8300
6900
8500
8800
7100
8600
12700
9300
9200
7500
9200
8800
7000
8900
8800
8700
7500
9000
9400
8500
7600
8400
20000
8500
7600
9000
9200
9000
7500
8500
8900
9100
7600
9200
8800
8900
8500
9000
8800
8800
7700
8800
8900
8500
8900
7700
9000
8800
9100
7700
9200
8800
8900
8800
7900
9200
8800
8900
9200
8900
7700
9400
9000
9500
9500
7500
9200
9200
8900
10300
8800
7800
9700
11500
8900
7800
9300
9000
9600
9000
9300
9600
8400
9300
9000
9500
9500
9400
9100
8100
9600
9500
9000
9600
9000
9200
11900
7100
9600
9500
8900
8800
8900
8800
8800
8700
8700
7700
8900
8600
9000
9200
8800
9100
9100
9200
9000
8600
8800
7600
9300
8700
9400
8800
9000
8800
8600
9000
8600
8800
9100
48800
228800
163000
54800
55700
41000
35700
41300
42200
106500
117300
42500
41200
60100
37800
37300
38500
38300
128000
175200
38100
37600
39500
39600
37700
38900
116000
161600
38500
39000
38400
38800
39700
37700
109500
149000
38600
39200
33300
40100
38700
50000
113200
170800
39800
37300
40800
39300
39700
38900
119400
156900
40000
38900
40100
39400
40000
39500
120000
167900
41900
39500
40300
41100
39800
40500
122600
182400
41000
41500
39800
50200
44100
92000
108500
41500
42800
40200
41800
45200
43900
102200
129200
40700
42700
43200
41500
40600
50000
131700
173700
42200
42500
38500
39400
50800
39900
216800
41800
45000
42300
44800
43800
37600
106500
183800
41000
45200
41900
43100
48200
41200
197400
42300
43700
35500
38200
46200
38500
100200
152500
52500
39700
43500
59800
38900
44600
183900
43800
39500
38800
39700
48300
43000
140600
179800
51100
42900
42800
37800
41200
91300
139200
42400
41300
52100
39400
41000
42300
194600
35500
48900
38400
39600
51400
42900
112200
185400
48900
57100
49100
39200
51200
123300
161700
44300
75600
38800
48400
38200
161100
140100
29100
53400
27100
25700
31100
28900
123500
27400
39500
31500
26000
35500
41900
113500
67500
28700
34400
61800
33400
29000
132000
28700
26600
40100
38200
31800
38100
136600
30100
36200
28000
28500
40200
48100
120600
35600
41900
37100
33400
29500
28500
128600
33200
34500
28700
29200
32700
48300
151000
32500
32200
35600
31200
34500
96000
34800
33800
33500
27900
64300
39200
105100
30300
29900
60800
30500
28100
32800
136000
36300
23700
40300
29700
38500
34700
191400
40000
31200
39800
35700
43600
109700
39800
27700
32800
37700
38600
39800
142200
35600
35600
39600
32500
38800
30200
160300
27800
31100
28400
27700
29700
101100
30900
28600
32100
13600
17600
13400
17100
13800
17300
13400
17400
13200
17600
13500
33800
13200
16700
19000
13500
17100
12400
17200
13500
17000
12900
16900
12400
12600
16500
12200
17500
29700
17300
13000
17100
13600
32100
16700
13700
17700
13000
17400
13500
31700
17200
13300
17600
12600
17000
13200
17600
34900
13500
17300
12500
17300
17700
13000
34400
13400
17800
17200
13900
33300
13300
17600
17400
13400
19600
19300
29600
22700
17600
16500
16500
12400
16300
16100
17400
16300
12900
16100
21400
12700
17000
16100
13000
16700
16000
13200
16300
16700
12800
17600
16500
13000
16800
16500
12900
16100
16700
12900
16700
15900
13500
13100
17000
16600
13000
16800
16400
13200
17800
16400
13000
20100
13500
16800
16900
13200
16500
16200
25300
39500
27600
32500
17000
13200
35800
17700
19900
17800
22500
27900
26600
20900
17600
16500
13500
16700
17200
17100
19100
31700
18000
16800
16300
12900
16600
16600
17000
13000
16600
16600
16400
26200
17800
25300
37700
32600
13100
23600
21900
42000
23000
23100
14100
32400
17300
17900
17700
13900
41000
16800
17400
27400
23400
31700
19300
17700
16700
18100
17300
13800
17000
17800
16700
16800
17800
17700
29900
17700
17500
17900
17600
34100
17200
14300
20200
16800
16700
32800
17100
17100
22900
27900
12900
18100
18200
17200
29200
17300
27600
45700
26000
29800
15300
16900
17100
17000
25900
22000
38900
27000
27200
19500
44500
24600
12200
15200
24100
15700
15600
15700
15600
15900
15600
15500
15400
15800
15500
16300
16000
17600
16200
15900
15800
15600
15100
15400
31300
24700
31900
15200
15900
16300
15800
16000
15500
16300
16200
34500
16700
16600
16700
16000
16600
16600
15800
17100
15700
16900
19000
21100
15600
18500
12800
33500
17900
13000
18000
16800
22100
16700
20100
15600
20000
16200
21500
17500
24000
21000
16400
19700
15600
19900
16100
19800
16700
22000
16900
17500
23700
18600
18800
16300
20900
17100
34600
13100
12600
12900
12900
17300
17900
17200
17600
14600
17100
13900
17200
14600
17900
14700
19600
14300
19400
15000
18300
19300
17900
15400
18300
14900
26100
17500
14200
17200
14200
17600
14000
19600
15100
19600
10000
18300
5900
9700
7000
7400
6300
8300
6700
8300
5700
6000
5800
5900
7200
5800
10200
6100
5800
7200
5700
5600
5700
5700
6700
5900
9200
7100
10300
8200
9800
6000
6900
7100
6000
5800
5700
7200
5700
5700
5800
7400
5500
5600
5700
5700
5800
6100
5800
6700
5700
6100
5600
6700
5800
5700
5500
6700
5700
5500
5800
6700
5700
5600
7400
7200
5800
5500
7200
9600
5800
5700
7200
5900
5800
6900
5800
5600
7400
6400
5800
6100
7000
5900
5800
7200
6100
5900
7400
6000
6100
6800
6000
5700
7100
5800
5600
7100
5500
31700
7300
7200
9200
7400
9200
10800
7200
12700
6600
7500
9500
7300
7100
8600
7100
8800
7200
7300
9200
7100
9100
7200
7500
9200
7100
8800
7400
7600
8900
7600
8500
6700
7000
27400
7600
8800
7700
8600
7700
7200
9600
8600
7700
8700
12200
25500
8700
7100
8700
6800
8800
7400
8600
6800
7200
8600
7400
8600
7900
8400
7100
8700
6900
8800
7000
8700
7000
8500
7100
8800
7100
8800
7200
8800
7400
8800
7500
8600
7800
8800
7200
8600
7700
8500
7100
7300
9000
7400
8400
7200
8900
7100
8900
7300
9000
7300
7100
8700
7300
8800
7000
8600
7700
8900
7400
8800
8400
7500
9100
7100
12900
7500
11200
7800
9000
7300
12500
9100
7600
9100
7600
8900
9300
7500
8800
7700
9000
8600
7300
9100
7400
8900
9000
7200
8600
7300
8800
8900
7200
8700
8900
7500
9000
7500
7200
9000
7200
9200
9200
9300
7000
9000
9000
7300
9000
8700
7200
8900
8500
7500
8800
8800
7200
9000
8800
7300
8700
8900
8000
8800
9000
29200
8500
8700
7400
9000
8700
7400
7300
9000
9100
9000
9000
9100
7700
11000
9000
8900
25700
7500
9100
8900
7300
9000
9100
9200
7400
8900
8800
9100
7200
8900
8900
8900
7500
8900
9100
8900
7300
8700
8900
9100
7400
8900
9000
9100
8600
11400
8800
7200
8800
8900
8900
8800
7300
8900
9400
8900
9200
7400
9200
8800
8800
8900
7200
9000
8900
9200
8900
7500
7100
9100
9200
8800
9100
7600
8700
9400
11500
7800
9700
8800
15900
9300
9200
9100
9000
9300
7300
9100
8900
9200
8900
9000
9000
9100
8600
9500
9000
9200
9000
9200
8900
9100
7600
8700
9200
9100
9200
9600
9100
8900
9000
11200
9100
9000
9300
8900
9000
7100
8900
8900
9300
9000
8900
9200
8800
9100
9000
8900
9200
------------------------------------------------------------------------
BUILD SUCCESS
------------------------------------------------------------------------
Total time:  1.705 s
Finished at: 2022-10-23T15:23:25+05:30
------------------------------------------------------------------------
